0 3660.03
201.536 -4.64441e+15
403.071 -4.93837e+15
604.607 -3.7843e+15
806.143 -2.44289e+15
1007.68 -1.36623e+15
1209.21 -6.41553e+14
1410.75 -2.15642e+14
1612.29 3659.92
1813.82 8.59533e+13
2015.36 1.01765e+14
2216.89 8.59653e+13
2418.43 6.06682e+13
2619.96 3.68364e+13
2821.5 1.86683e+13
3023.03 6.73765e+12
3224.57 3659.59
3426.11 -3.05688e+12
3627.64 -3.84047e+12
3829.18 -3.43191e+12
4030.71 -2.55506e+12
4232.25 -1.63252e+12
4433.78 -8.68652e+11
4635.32 -3.28481e+11
4836.86 3659.84
5038.39 1.6271e+11
5239.93 2.13068e+11
5441.46 1.98166e+11
5643 1.53341e+11
5844.53 1.01702e+11
6046.07 5.61064e+10
6247.61 2.19733e+10
6449.14 3660.03
6650.68 -1.1639e+10
6852.21 -1.57387e+10
7053.75 -1.51027e+10
7255.28 -1.20478e+10
7456.82 -8.23136e+09
7658.35 -4.67449e+09
7859.89 -1.8832e+09
8061.43 3660.56
8262.96 1.05352e+09
8464.5 1.46274e+09
8666.03 1.4404e+09
8867.57 1.17852e+09
9069.1 8.25418e+08
9270.64 4.80288e+08
9472.18 1.98167e+08
9673.71 3660.92
9875.25 -1.16119e+08
10076.8 -1.64906e+08
10278.3 -1.6603e+08
10479.9 -1.38837e+08
10681.4 -9.9346e+07
10882.9 -5.90373e+07
11084.5 -2.48672e+07
11286 3660
11487.5 1.51811e+07
11689.1 2.19892e+07
11890.6 2.25756e+07
12092.1 1.92456e+07
12293.7 1.40364e+07
12495.2 8.50052e+06
12696.7 3.64966e+06
12898.3 3659.9
13099.8 -2.30335e+06
13301.4 -3.39807e+06
13502.9 -3.55059e+06
13704.4 -3.07918e+06
13906 -2.28339e+06
14107.5 -1.40478e+06
14309 -610888
14510.6 3659.49
14712.1 405507
14913.6 605846
15115.2 642985
15316.7 567032
15518.2 428201
15719.8 269188
15921.3 121309
16122.9 3659.63
16324.4 -75631.8
16525.9 -116946
16727.5 -126288
16929 -112537
17130.5 -85181
17332.1 -52709.4
17533.6 -21674.4
17735.1 3659.83
17936.7 21221.1
18138.2 30744.7
18339.7 33247.6
18541.3 30480.9
18742.8 24446.8
18944.4 17028.4
19145.9 9750.01
19347.4 3661.96
19549 -671.01
19750.5 -3108.6
19952 -3830.67
20153.6 -3217.91
20355.1 -1738.53
20556.6 144.632
20758.2 2039.62
20959.7 3661.99
21161.2 4845.82
21362.8 5534.76
21564.3 5759.99
21765.9 5611.86
21967.4 5210.92
22168.9 4682.51
22370.5 4137.54
22572 3660.4
22773.5 3303.84
22975.1 3089.65
23176.6 3013.49
23378.1 3052.2
23579.7 3171.79
23781.2 3335.05
23982.7 3507.58
24184.3 3662
24385.8 3780.14
24587.4 3853.34
24788.9 3881.45
24990.4 3870.8
25192 3831.81
25393.5 3776.52
25595 3716.59
25796.6 3661.7
25998.1 3618.65
26199.6 3591.06
26401.2 3579.54
26602.7 3582.31
26804.2 3595.93
27005.8 3616.18
27207.3 3638.78
27408.8 3660
27610.4 3677.1
27811.9 3688.47
28013.5 3693.64
28215 3693.11
28416.5 3688.06
28618.1 3680.09
28819.6 3670.9
29021.1 3662
29222.7 3654.6
29424.2 3649.44
29625.7 3646.82
29827.3 3646.63
30028.8 3648.44
30230.3 3651.61
30431.9 3655.44
30633.4 3659.26
30835 3662.53
31036.5 3664.89
31238 3666.16
31439.6 3666.37
31641.1 3665.68
31842.6 3664.34
32044.2 3662.68
32245.7 3661
32447.2 3659.54
32648.8 3658.49
32850.3 3657.93
33051.8 3657.85
33253.4 3658.18
33454.9 3658.79
33656.5 3659.53
33858 3660.25
34059.5 3660.82
34261.1 3661.16
34462.6 3661.24
34664.1 3661.06
34865.7 3660.67
35067.2 3660.17
35268.7 3659.64
35470.3 3659.17
35671.8 3658.85
35873.3 3658.72
36074.9 3658.8
36276.4 3659.09
36478 3659.54
36679.5 3660.1
36881 3660.69
37082.6 3661.24
37284.1 3661.68
37485.6 3661.97
37687.2 3662.09
37888.7 3662.02
38090.2 3661.8
38291.8 3661.46
38493.3 3661.06
38694.8 3660.64
38896.4 3660.28
39097.9 3660
39299.5 3659.85
39501 3659.83
39702.5 3659.94
39904.1 3660.16
40105.6 3660.44
40307.1 3660.75
40508.7 3661.05
40710.2 3661.28
40911.7 3661.42
41113.3 3661.44
41314.8 3661.34
41516.3 3661.12
41717.9 3660.8
41919.4 3660.43
42121 3660.03
42322.5 3659.65
42524 3659.32
42725.6 3659.08
42927.1 3658.95
43128.6 3658.95
43330.2 3659.07
43531.7 3659.29
43733.2 3659.61
43934.8 3659.98
44136.3 3660.38
44337.8 3660.78
44539.4 3661.15
44740.9 3661.46
44942.5 3661.7
45144 3661.87
45345.5 3661.96
45547.1 3661.98
45748.6 3661.94
45950.1 3661.87
46151.7 3661.77
46353.2 3661.67
46554.7 3661.57
46756.3 3661.48
46957.8 3661.4
47159.3 3661.34
47360.9 3661.29
47562.4 3661.23
47764 3661.18
47965.5 3661.11
48167 3661.02
48368.6 3660.91
48570.1 3660.78
48771.6 3660.64
48973.2 3660.5
49174.7 3660.35
49376.2 3660.22
49577.8 3660.11
49779.3 3660.03
49980.8 3659.98
50182.4 3659.96
50383.9 3659.96
50585.4 3659.98
50787 3660
50988.5 3660.02
51190.1 3660.02
51391.6 3660
51593.1 3659.95
51794.7 3659.87
51996.2 3659.77
52197.7 3659.65
52399.3 3659.53
52600.8 3659.42
52802.3 3659.35
53003.9 3659.31
53205.4 3659.33
53406.9 3659.42
53608.5 3659.56
53810 3659.76
54011.6 3660.01
54213.1 3660.28
54414.6 3660.55
54616.2 3660.8
54817.7 3661
55019.2 3661.14
55220.8 3661.2
55422.3 3661.17
55623.8 3661.05
55825.4 3660.86
56026.9 3660.6
56228.4 3660.31
56430 3660
56631.5 3659.71
56833.1 3659.45
57034.6 3659.25
57236.1 3659.13
57437.7 3659.09
57639.2 3659.12
57840.7 3659.22
58042.3 3659.37
58243.8 3659.55
58445.3 3659.73
58646.9 3659.89
58848.4 3660.01
59049.9 3660.09
59251.5 3660.11
59453 3660.07
59654.6 3660
59856.1 3659.9
60057.6 3659.79
60259.2 3659.7
60460.7 3659.65
60662.2 3659.65
60863.8 3659.7
61065.3 3659.81
61266.8 3659.97
61468.4 3660.16
61669.9 3660.36
61871.4 3660.55
62073 3660.71
62274.5 3660.81
62476.1 3660.85
62677.6 3660.83
62879.1 3660.75
63080.7 3660.63
63282.2 3660.5
63483.7 3660.39
63685.3 3660.31
63886.8 3660.29
64088.3 3660.33
64289.9 3660.44
64491.4 3660.59
64692.9 3660.77
64894.5 3660.93
65096 3661.04
65297.6 3661.06
65499.1 3660.96
65700.6 3660.74
65902.2 3660.39
66103.7 3659.95
66305.2 3659.47
66506.8 3659.01
66708.3 3658.64
66909.8 3658.43
67111.4 3658.43
67312.9 3658.66
67514.4 3659.11
67716 3659.73
67917.5 3660.43
68119.1 3661.09
68320.6 3661.57
68522.1 3661.74
68723.7 3661.49
68925.2 3660.77
69126.7 3659.57
69328.3 3658
69529.8 3656.21
69731.3 3654.45
69932.9 3652.99
70134.4 3652.1
70335.9 3652.05
70537.5 3652.98
70739 3654.9
70940.6 3657.7
71142.1 3661.04
71343.6 3664.46
71545.2 3667.37
71746.7 3669.15
71948.2 3669.24
72149.8 3667.23
72351.3 3663.02
72552.8 3656.82
72754.4 3649.28
72955.9 3641.41
73157.4 3634.55
73359 3630.16
73560.5 3629.64
73762.1 3634.06
73963.6 3643.89
74165.1 3658.76
74366.7 3677.3
74568.2 3697.14
74769.7 3715.08
74971.3 3727.36
75172.8 3730.26
75374.3 3720.74
75575.9 3697.15
75777.4 3659.96
75978.9 3612.24
76180.5 3559.88
76382 3511.3
76583.5 3476.71
76785.1 3466.75
76986.6 3490.64
77188.2 3554.08
77389.7 3657.11
77591.2 3792.29
77792.8 3943.76
77994.3 4087.51
78195.8 4193.2
78397.4 4227.9
78598.9 4161.39
78800.4 3972.88
79002 3658.16
79203.5 3236.14
79405 2753.23
79606.6 2284.1
79808.1 1927.19
80009.7 1794.12
80211.2 1992.63
80412.7 2603.95
80614.3 3656.89
80815.8 5102.32
81017.3 6793.21
81218.9 8476.29
81420.4 9801.41
81621.9 10354.1
81823.5 9713.65
82025 7536.73
82226.5 3658.8
82428.1 -1798.01
82629.6 -8330.49
82831.2 -14997.8
83032.7 -20431
83234.2 -22934.7
83435.8 -20701.9
83637.3 -12146.9
83838.8 3658.39
84040.4 26489.5
84241.9 54490.8
84443.4 83823.6
84645 108574
84846.5 121062
85048 112688
85249.6 75382.7
85451.1 3659.22
85652.7 -102887
85854.2 -236948
86055.7 -381257
86257.3 -507418
86458.8 -576644
86660.3 -543235
86861.9 -361490
87063.4 3658.58
87264.9 562680
87466.5 1.28551e+06
87668 2.08625e+06
87869.5 2.81233e+06
88071.1 3.24346e+06
88272.6 3.106e+06
88474.2 2.10867e+06
88675.7 3659.46
88877.2 -3.32637e+06
89078.8 -7.76057e+06
89280.3 -1.28252e+07
89481.8 -1.75958e+07
89683.4 -2.06512e+07
89884.9 -2.01239e+07
90086.4 -1.38975e+07
90288 3659.11
90489.5 2.28036e+07
90691 5.41524e+07
90892.6 9.1161e+07
91094.1 1.27451e+08
91295.7 1.52478e+08
91497.2 1.5151e+08
91698.7 1.06733e+08
91900.3 3659.83
92101.8 -1.82281e+08
92303.3 -4.41978e+08
92504.9 -7.59891e+08
92706.4 -1.08539e+09
92907.9 -1.32712e+09
93109.5 -1.34823e+09
93311 -9.71418e+08
93512.5 3658.71
93714.1 1.73779e+09
93915.6 4.31518e+09
94117.2 7.6015e+09
94318.7 1.11301e+10
94520.2 1.39574e+10
94721.8 1.45504e+10
94923.3 1.07641e+10
95124.8 3657.85
95326.4 -2.03361e+10
95527.9 -5.19443e+10
95729.4 -9.41898e+10
95931 -1.42064e+11
96132.5 -1.83655e+11
96334 -1.97533e+11
96535.6 -1.50898e+11
96737.1 3657
96938.7 3.04836e+11
97140.2 8.06387e+11
97341.7 1.51599e+12
97543.3 2.37345e+12
97744.8 3.18899e+12
97946.3 3.56975e+12
98147.9 2.84229e+12
98349.4 3658.39
98550.9 -6.26855e+12
98752.5 -1.73739e+13
98954 -3.42926e+13
99155.5 -5.64955e+13
99357.1 -8.00765e+13
99558.6 -9.48221e+13
99760.2 -8.01124e+13
99961.7 3659.32
100163 2.01105e+14
100365 5.98474e+14
100566 1.27485e+15
100768 2.28014e+15
100969 3.53317e+15
101171 4.61193e+15
101372 4.33859e+15
101574 3658.59
101776 -1.4062e+16
101977 -4.89248e+16
102179 -1.25324e+17
102380 -2.80773e+17
102582 -5.81303e+17
102783 -1.14055e+18
102985 -2.15037e+18
