0 4932.22
198.412 1.43781e+18
396.824 1.52846e+18
595.235 1.171e+18
793.647 7.55745e+17
992.059 4.22566e+17
1190.47 1.98381e+17
1388.88 6.66654e+16
1587.29 5299.74
1785.71 -2.65597e+16
1984.12 -3.14381e+16
2182.53 -2.65507e+16
2380.94 -1.87331e+16
2579.35 -1.13716e+16
2777.76 -5.76162e+15
2976.18 -2.07893e+15
3174.59 5100.25
3373 9.42752e+14
3571.41 1.18412e+15
3769.82 1.05789e+15
3968.24 7.87401e+14
4166.65 5.02973e+14
4365.06 2.67561e+14
4563.47 1.01153e+14
4761.88 5358.66
4960.29 -5.00795e+13
5158.71 -6.55619e+13
5357.12 -6.09607e+13
5555.53 -4.71592e+13
5753.94 -3.12697e+13
5952.35 -1.72463e+13
6150.77 -6.75249e+12
6349.18 5088.63
6547.59 3.57481e+12
6746 4.83272e+12
6944.41 4.63621e+12
7142.82 3.69744e+12
7341.24 2.5255e+12
7539.65 1.43381e+12
7738.06 5.77481e+11
7936.47 4510.79
8134.88 -3.22883e+11
8333.29 -4.4818e+11
8531.71 -4.41214e+11
8730.12 -3.60895e+11
8928.53 -2.52696e+11
9126.94 -1.46996e+11
9325.35 -6.06328e+10
9523.77 4502.87
9722.18 3.55106e+10
9920.59 5.04159e+10
10119 5.07451e+10
10317.4 4.24221e+10
10515.8 3.03472e+10
10714.2 1.80295e+10
10912.6 7.59273e+09
11111.1 4545.7
11309.5 -4.63079e+09
11507.9 -6.7061e+09
11706.3 -6.88299e+09
11904.7 -5.86588e+09
12103.1 -4.27663e+09
12301.5 -2.58877e+09
12499.9 -1.11052e+09
12698.4 4632.97
12896.8 7.02282e+08
13095.2 1.03523e+09
13293.6 1.08133e+09
13492 9.37641e+08
13690.4 6.95404e+08
13888.8 4.2813e+08
14087.2 1.86756e+08
14285.6 5026.77
14484.1 -1.2204e+08
14682.5 -1.82832e+08
14880.9 -1.94052e+08
15079.3 -1.70949e+08
15277.7 -1.28784e+08
15476.1 -8.05225e+07
15674.5 -3.56644e+07
15872.9 5816.87
16071.4 2.40326e+07
16269.8 3.65412e+07
16468.2 3.93602e+07
16666.6 3.51859e+07
16865 2.68959e+07
17063.4 1.70626e+07
17261.8 7.66918e+06
17460.2 5055.8
17658.6 -5.30474e+06
17857.1 -8.18214e+06
18055.5 -8.93637e+06
18253.9 -8.09816e+06
18452.3 -6.27353e+06
18650.7 -4.03181e+06
18849.1 -1.83348e+06
19047.5 4488.67
19245.9 1.31198e+06
19444.4 2.04707e+06
19642.8 2.26441e+06
19841.2 2.07917e+06
20039.6 1.63277e+06
20238 1.06487e+06
20436.4 493660
20634.8 4821.33
20833.2 -351727
21031.6 -559100
21230.1 -626778
21428.5 -582046
21626.9 -461245
21825.3 -302133
22023.7 -138092
22222.1 5489.38
22420.5 112758
22618.9 177182
22817.4 200085
23015.8 188454
23214.2 152513
23412.6 103459
23611 51630.8
23809.4 5250.76
24007.8 -30222
24206.2 -52197.7
24404.6 -60635
24603.1 -57442.6
24801.5 -45751
24999.9 -29186.9
25198.3 -11247.6
25396.7 5161.71
25595.1 18002.5
25793.5 26195.4
25991.9 29558.8
26190.4 28637.3
26388.8 24467.4
26587.2 18326.5
26785.6 11502.9
26984 5113.47
27182.4 -16.43
27380.8 -3408.03
27579.2 -4924.94
27777.6 -4722.86
27976.1 -3169.37
28174.5 -750.818
28372.9 2018.67
28571.3 4674.11
28769.7 6854.97
28968.1 8335.52
29166.5 9031.1
29364.9 8983.94
29563.4 8334.18
29761.8 7282.97
29960.2 6053.75
30158.6 4857.49
30357 3865.57
30555.4 3192.81
30753.8 2891
30952.2 2951.98
31150.6 3318.42
31349.1 3899.28
31547.5 4587.51
31745.9 5276.92
31944.3 5876.37
32142.7 6319.78
32341.1 6571.23
32539.5 6625.32
32737.9 6503.39
32936.4 6246.82
33134.8 5908.58
33333.2 5544.52
33531.6 5205.41
33730 4930.86
33928.4 4745.45
34126.8 4657.36
34325.2 4659.38
34523.6 4731.71
34722.1 4846.16
34920.5 4970.84
35118.9 5074.81
35317.3 5132.15
35515.7 5124.8
35714.1 5044.25
35912.5 4891.82
36110.9 4677.7
36309.4 4419.06
36507.8 4137.52
36706.2 3856.42
36904.6 3598.09
37103 3381.66
37301.4 3221.34
37499.8 3125.54
37698.2 3096.65
37896.6 3131.52
38095.1 3222.41
38293.5 3358.32
38491.9 3526.39
38690.3 3713.34
38888.7 3906.65
39087.1 4095.47
39285.5 4271.16
39483.9 4427.54
39682.4 4560.81
39880.8 4669.22
40079.2 4752.69
40277.6 4812.33
40476 4849.98
40674.4 4867.94
40872.8 4868.72
41071.2 4854.95
41269.6 4829.46
41468.1 4795.27
41666.5 4755.77
41864.9 4714.69
42063.3 4676.12
42261.7 4644.33
42460.1 4623.58
42658.5 4617.76
42856.9 4630.05
43055.4 4662.51
43253.8 4715.76
43452.2 4788.8
43650.6 4878.93
43849 4981.84
44047.4 5091.93
44245.8 5202.76
44444.2 5307.56
44642.7 5399.94
44841.1 5474.48
45039.5 5527.24
45237.9 5556.25
45436.3 5561.67
45634.7 5545.84
45833.1 5513
46031.5 5468.93
46229.9 5420.33
46428.4 5374.1
46626.8 5336.68
46825.2 5313.33
47023.6 5307.59
47222 5320.94
47420.4 5352.63
47618.8 5399.77
47817.2 5457.7
48015.7 5520.43
48214.1 5581.36
48412.5 5633.95
48610.9 5672.43
48809.3 5692.44
49007.7 5691.45
49206.1 5669.01
49404.5 5626.83
49602.9 5568.48
49801.4 5499.1
49999.8 5424.72
50198.2 5351.71
50396.6 5286.07
50595 5232.85
50793.4 5195.68
50991.8 5176.47
51190.2 5175.33
51388.7 5190.72
51587.1 5219.74
51785.5 5258.62
51983.9 5303.3
52182.3 5349.95
52380.7 5395.52
52579.1 5438.13
52777.5 5477.26
52975.9 5513.81
53174.4 5549.83
53372.8 5588.25
53571.2 5632.28
53769.6 5684.89
53968 5748.24
54166.4 5823.17
54364.8 5908.92
54563.2 6002.98
54761.7 6101.24
54960.1 6198.3
55158.5 6288.05
55356.9 6364.35
55555.3 6421.78
55753.7 6456.32
55952.1 6466
56150.5 6451.21
56348.9 6414.84
56547.4 6362.05
56745.8 6299.85
56944.2 6236.25
57142.6 6179.44
57341 6136.76
57539.4 6113.74
57737.8 6113.38
57936.2 6135.63
58134.7 6177.22
58333.1 6231.95
58531.5 6291.32
58729.9 6345.46
58928.3 6384.35
59126.7 6399.06
59325.1 6383.01
59523.5 6332.91
59721.9 6249.42
59920.4 6137.29
60118.8 6005.04
60317.2 5864.08
60515.6 5727.43
60714 5608.25
60912.4 5518.09
61110.8 5465.45
61309.2 5454.54
61507.7 5484.61
61706.1 5549.9
61904.5 5640.25
62102.9 5742.45
62301.3 5841.97
62499.7 5925.11
62698.1 5981.11
62896.5 6003.99
63094.9 5993.83
63293.4 5957.21
63491.8 5906.68
63690.2 5859.25
63888.6 5833.97
64087 5848.96
64285.4 5918.09
64483.8 6048.04
64682.2 6235.9
64880.7 6468.1
65079.1 6720.74
65277.5 6961.66
65475.9 7154.1
65674.3 7261.65
65872.7 7253.97
66071.1 7112.52
66269.5 6835.42
66467.9 6440.57
66666.4 5966.36
66864.8 5469.25
67063.2 5018.36
67261.6 4687.09
67460 4542.77
67658.4 4635.39
67856.8 4987.08
68055.2 5584
68253.7 6372.31
68452.1 7259.57
68650.5 8122.38
68848.9 8820.13
69047.3 9213.93
69245.7 9188.83
69444.1 8676.36
69642.5 7674.03
69840.9 6258.17
70039.4 4586.67
70237.8 2889.27
70436.2 1444.38
70634.6 543.256
70833 444.75
71031.4 1325.8
71229.8 3234.74
71428.2 6055.66
71626.7 9492.03
71825.1 13076.5
72023.5 16211.8
72221.9 18241.9
72420.3 18551
72618.7 16678
72817.1 12433.4
73015.5 5997.84
73213.9 -2017.52
73412.4 -10569.4
73610.8 -18254.7
73809.2 -23464.3
74007.6 -24611.7
74206 -20420.7
74404.4 -10234.9
74602.8 5696.08
74801.2 26009.8
74999.7 48164
75198.1 68558.9
75396.5 82884.6
75594.9 86695.7
75793.3 76182.8
75991.7 49059.6
76190.1 5445.58
76388.5 -51417.3
76586.9 -114793
76785.4 -174605
76983.8 -218248
77182.2 -232138
77380.6 -203946
77579 -125342
77777.4 5083.48
77975.8 179208
78174.2 377659
78372.7 569632
78571.1 714812
78769.5 767803
78967.9 685133
79166.3 434443
79364.7 4928.6
79563.1 -582496
79761.5 -1.26739e+06
79959.9 -1.94672e+06
80158.4 -2.47901e+06
80356.8 -2.69774e+06
80555.2 -2.43501e+06
80753.6 -1.55498e+06
80952 5517.78
81150.4 2.1944e+06
81348.8 4.80736e+06
81547.2 7.46642e+06
81745.7 9.62491e+06
81944.1 1.06092e+07
82142.5 9.70494e+06
82340.9 6.28965e+06
82539.3 5074.81
82737.7 -9.04828e+06
82936.1 -2.01249e+07
83134.5 -3.16993e+07
83332.9 -4.14341e+07
83531.4 -4.63078e+07
83729.8 -4.29507e+07
83928.2 -2.82183e+07
84126.6 4706.64
84325 4.18296e+07
84523.4 9.43444e+07
84721.8 1.50752e+08
84920.2 1.99932e+08
85118.7 2.26758e+08
85317.1 2.13466e+08
85515.5 1.42372e+08
85713.9 4355.47
85912.3 -2.17486e+08
86110.7 -4.98187e+08
86309.1 -8.08555e+08
86507.5 -1.08935e+09
86705.9 -1.2553e+09
86904.4 -1.20084e+09
87102.8 -8.14004e+08
87301.2 4617.71
87499.6 1.28526e+09
87698 2.99387e+09
87896.4 4.94219e+09
88094.8 6.77381e+09
88293.2 7.94259e+09
88491.7 7.73292e+09
88690.1 5.33606e+09
88888.5 4626.33
89086.9 -8.73682e+09
89285.3 -2.07319e+10
89483.7 -3.48722e+10
89682.1 -4.87145e+10
89880.5 -5.8233e+10
90078.9 -5.78168e+10
90277.4 -4.06967e+10
90475.8 4986.78
90674.2 6.93977e+10
90872.6 1.68137e+11
91071 2.88857e+11
91269.4 4.1228e+11
91467.8 5.03723e+11
91666.2 5.1136e+11
91864.7 3.68175e+11
92063.1 5307.43
92261.5 -6.57694e+11
92459.9 -1.632e+12
92658.3 -2.87289e+12
92856.7 -4.20358e+12
93055.1 -5.26782e+12
93253.5 -5.48796e+12
93451.9 -4.05719e+12
93650.4 4452.46
93848.8 7.65506e+12
94047.2 1.95407e+13
94245.6 3.54103e+13
94444 5.33748e+13
94642.4 6.89581e+13
94840.8 7.41233e+13
95039.2 5.65891e+13
95237.7 3833.54
95436.1 -1.14181e+14
95634.5 -3.01867e+14
95832.9 -5.67174e+14
96031.3 -8.87456e+14
96229.7 -1.19171e+15
96428.1 -1.33325e+15
96626.5 -1.06095e+15
96824.9 4343.02
97023.4 2.3373e+15
97221.8 6.47453e+15
97420.2 1.27725e+16
97618.6 2.1031e+16
97817 2.97934e+16
98015.4 3.52612e+16
98213.8 2.97758e+16
98412.2 4745.68
98610.7 -7.46691e+16
98809.1 -2.22098e+17
99007.5 -4.72871e+17
99205.9 -8.45337e+17
99404.3 -1.30924e+18
99602.7 -1.70815e+18
99801.1 -1.60614e+18
99999.5 4611.46
100198 5.2008e+18
100396 1.80863e+19
100595 4.63078e+19
100793 1.03699e+20
100992 2.14597e+20
101190 4.20863e+20
101388 7.93131e+20
