0 3037.01
200.2 -4.12288e+14
400.401 -4.36935e+14
600.601 -3.33707e+14
800.801 -2.1469e+14
1001 -1.19658e+14
1201.2 -5.59942e+13
1401.4 -1.8755e+13
1601.6 2998.15
1801.8 7.42227e+12
2002 8.75566e+12
2202.2 7.36899e+12
2402.4 5.18109e+12
2602.6 3.13394e+12
2802.8 1.58217e+12
3003 5.68808e+11
3203.2 2897.04
3403.41 -2.56029e+11
3603.61 -3.20359e+11
3803.81 -2.85107e+11
4004.01 -2.11382e+11
4204.21 -1.34491e+11
4404.41 -7.12567e+10
4604.61 -2.68293e+10
4804.81 2758.41
5005.01 1.31726e+10
5205.21 1.71716e+10
5405.41 1.58975e+10
5605.61 1.22444e+10
5805.81 8.08275e+09
6006.01 4.43776e+09
6206.21 1.72956e+09
6406.41 2712.41
6606.61 -9.07056e+08
6806.81 -1.22034e+09
7007.01 -1.16499e+09
7207.21 -9.24483e+08
7407.41 -6.28271e+08
7607.61 -3.5486e+08
7807.81 -1.42176e+08
8008.01 2597.91
8208.21 7.86499e+07
8408.41 1.08571e+08
8608.61 1.06287e+08
8808.81 8.64448e+07
9009.01 6.01791e+07
9209.21 3.48019e+07
9409.41 1.42707e+07
9609.61 2631.09
9809.81 -8.25118e+06
10010 -1.16415e+07
10210.2 -1.1642e+07
10410.4 -9.66821e+06
10610.6 -6.86925e+06
10810.8 -4.05216e+06
11011 -1.69311e+06
11211.2 2577.12
11411.4 1.02201e+06
11611.6 1.46796e+06
11811.8 1.49527e+06
12012 1.2649e+06
12212.2 915647
12412.4 550823
12612.6 235791
12812.8 2497.98
13013 -142550
13213.2 -209452
13413.4 -216920
13613.6 -186036
13813.8 -136038
14014 -82001
14214.2 -34037.8
14414.4 2429.26
14614.6 25776.7
14814.8 37034.2
15015 38755
15215.2 34066.5
15415.4 25978.9
15615.6 16963
15815.8 8760.66
16016 2375.68
16216.2 -1821.01
16416.4 -3926.61
16616.6 -4328.66
16816.8 -3545.31
17017 -2101.13
17217.2 -444.83
17417.4 1093.46
17617.6 2312.45
17817.8 3127.04
18018 3542.49
18218.2 3623.57
18418.4 3465.11
18618.6 3167.73
18818.8 2820.67
19019 2492.02
19219.2 2225.2
19419.4 2040.38
19619.6 1938.87
19819.8 1908.89
20020 1931.55
20220.2 1985.9
20420.4 2052.73
20620.6 2116.91
20820.8 2168.36
21021 2202
21221.2 2216.9
21421.4 2215.15
21621.6 2200.58
21821.8 2177.64
22022 2150.55
22222.2 2122.73
22422.4 2096.57
22622.6 2073.4
22822.8 2053.64
23023 2037.08
23223.2 2023.12
23423.4 2011.03
23623.6 2000.14
23823.8 1989.91
24024 1980.02
24224.2 1970.34
24424.4 1960.89
24624.6 1951.76
24824.8 1943.09
25025 1934.96
25225.2 1927.44
25425.4 1920.52
25625.6 1914.13
25825.8 1908.2
26026 1902.62
26226.2 1897.32
26426.4 1892.26
26626.6 1887.44
26826.8 1882.9
27027 1878.7
27227.2 1874.94
27427.4 1871.68
27627.6 1868.99
27827.8 1866.88
28028 1865.33
28228.2 1864.26
28428.4 1863.56
28628.6 1863.09
28828.8 1862.7
29029 1862.23
29229.2 1861.55
29429.4 1860.56
29629.6 1859.18
29829.8 1857.4
30030 1855.23
30230.2 1852.74
30430.4 1849.99
30630.6 1847.1
30830.8 1844.16
31031 1841.26
31231.2 1838.48
31431.4 1835.88
31631.6 1833.49
31831.8 1831.3
32032 1829.29
32232.2 1827.43
32432.4 1825.67
32632.6 1823.94
32832.9 1822.2
33033.1 1820.41
33233.3 1818.53
33433.5 1816.55
33633.7 1814.47
33833.9 1812.31
34034.1 1810.08
34234.3 1807.83
34434.5 1805.58
34634.7 1803.37
34834.9 1801.22
35035.1 1799.17
35235.3 1797.21
35435.5 1795.34
35635.7 1793.56
35835.9 1791.83
36036.1 1790.15
36236.3 1788.46
36436.5 1786.75
36636.7 1784.99
36836.9 1783.15
37037.1 1781.22
37237.3 1779.18
37437.5 1777.05
37637.7 1774.82
37837.9 1772.52
38038.1 1770.17
38238.3 1767.79
38438.5 1765.41
38638.7 1763.06
38838.9 1760.75
39039.1 1758.52
39239.3 1756.36
39439.5 1754.29
39639.7 1752.3
39839.9 1750.38
40040.1 1748.52
40240.3 1746.68
40440.5 1744.84
40640.7 1742.98
40840.9 1741.06
41041.1 1739.06
41241.3 1736.95
41441.5 1734.71
41641.7 1732.34
41841.9 1729.84
42042.1 1727.21
42242.3 1724.48
42442.5 1721.67
42642.7 1718.82
42842.9 1715.97
43043.1 1713.17
43243.3 1710.46
43443.5 1707.9
43643.7 1705.51
43843.9 1703.34
44044.1 1701.41
44244.3 1699.73
44444.5 1698.31
44644.7 1697.13
44844.9 1696.16
45045.1 1695.39
45245.3 1694.75
45445.5 1694.2
45645.7 1693.69
45845.9 1693.15
46046.1 1692.53
46246.3 1691.8
46446.5 1690.89
46646.7 1689.79
46846.9 1688.46
47047.1 1686.91
47247.3 1685.12
47447.5 1683.12
47647.7 1680.91
47847.9 1678.53
48048.1 1676
48248.3 1673.35
48448.5 1670.62
48648.7 1667.82
48848.9 1664.99
49049.1 1662.14
49249.3 1659.28
49449.5 1656.43
49649.7 1653.59
49849.9 1650.75
50050.1 1647.91
50250.3 1645.08
50450.5 1642.24
50650.7 1639.41
50850.9 1636.57
51051.1 1633.73
51251.3 1630.91
51451.5 1628.1
51651.7 1625.32
51851.9 1622.57
52052.1 1619.86
52252.3 1617.2
52452.5 1614.6
52652.7 1612.05
52852.9 1609.56
53053.1 1607.1
53253.3 1604.69
53453.5 1602.3
53653.7 1599.93
53853.9 1597.57
54054.1 1595.2
54254.3 1592.84
54454.5 1590.46
54654.7 1588.09
54854.9 1585.71
55055.1 1583.35
55255.3 1581.01
55455.5 1578.7
55655.7 1576.43
55855.9 1574.2
56056.1 1572.02
56256.3 1569.88
56456.5 1567.78
56656.7 1565.7
56856.9 1563.62
57057.1 1561.53
57257.3 1559.41
57457.5 1557.23
57657.7 1555
57857.9 1552.7
58058.1 1550.33
58258.3 1547.9
58458.5 1545.42
58658.7 1542.92
58858.9 1540.43
59059.1 1537.97
59259.3 1535.58
59459.5 1533.28
59659.7 1531.08
59859.9 1529.01
60060.1 1527.05
60260.3 1525.2
60460.5 1523.44
60660.7 1521.74
60860.9 1520.05
61061.1 1518.35
61261.3 1516.6
61461.5 1514.77
61661.7 1512.84
61861.9 1510.82
62062.1 1508.7
62262.3 1506.52
62462.5 1504.3
62662.7 1502.1
62862.9 1499.95
63063.1 1497.91
63263.3 1496.01
63463.5 1494.27
63663.7 1492.71
63863.9 1491.3
64064.1 1490.01
64264.3 1488.79
64464.5 1487.58
64664.7 1486.28
64864.9 1484.84
65065.1 1483.18
65265.3 1481.26
65465.5 1479.06
65665.7 1476.59
65865.9 1473.88
66066.1 1471.02
66266.3 1468.1
66466.5 1465.25
66666.7 1462.59
66866.9 1460.23
67067.1 1458.29
67267.3 1456.84
67467.5 1455.9
67667.7 1455.46
67867.9 1455.48
68068.1 1455.85
68268.3 1456.45
68468.5 1457.14
68668.7 1457.78
68868.9 1458.24
69069.1 1458.44
69269.3 1458.31
69469.5 1457.85
69669.7 1457.1
69869.9 1456.14
70070.1 1455.07
70270.3 1454.02
70470.5 1453.07
70670.7 1452.3
70870.9 1451.73
71071.1 1451.35
71271.3 1451.08
71471.5 1450.81
71671.7 1450.43
71871.9 1449.83
72072.1 1448.93
72272.3 1447.72
72472.5 1446.29
72672.7 1444.79
72872.9 1443.45
73073.1 1442.53
73273.3 1442.29
73473.5 1442.89
73673.7 1444.4
73873.9 1446.67
74074.1 1449.36
74274.3 1451.93
74474.5 1453.68
74674.7 1453.85
74874.9 1451.77
75075.1 1446.97
75275.3 1439.4
75475.5 1429.55
75675.7 1418.49
75875.9 1407.89
76076.1 1399.86
76276.3 1396.69
76476.5 1400.46
76676.7 1412.58
76876.9 1433.26
77077.1 1461.11
77277.3 1492.87
77477.5 1523.37
77677.7 1545.96
77877.9 1553.26
78078.1 1538.32
78278.3 1496.21
78478.5 1425.6
78678.7 1330.39
78878.9 1220.72
79079.1 1113.32
79279.3 1030.5
79479.5 997.86
79679.7 1040.4
79879.9 1177.27
80080.1 1415.78
80280.3 1745.38
80480.5 2132.85
80680.7 2520.25
80880.9 2826.87
81081.1 2956.6
81281.3 2811.44
81481.5 2310.8
81681.7 1415.27
81881.9 151.889
82082.1 -1363.58
82282.3 -2913.21
82482.5 -4178.77
82682.7 -4765.29
82882.9 -4250.99
83083.1 -2265.02
83283.3 1410.64
83483.5 6725.27
83683.7 13247.6
83883.9 20083.1
84084.1 25852.9
84284.3 28765.8
84484.5 26816.1
84684.7 18122.7
84884.9 1407.98
85085.1 -23419
85285.3 -54650
85485.5 -88256.3
85685.7 -117619
85885.9 -133708
86086.1 -125892
86286.3 -83561.8
86486.5 1402.69
86686.7 131381
86886.9 299322
87087.1 485205
87287.3 653569
87487.5 753299
87687.7 721017
87887.9 489408
88088.1 1395
88288.3 -769723
88488.5 -1.79544e+06
88688.7 -2.96566e+06
88888.9 -4.06639e+06
89089.1 -4.76943e+06
89289.3 -4.6445e+06
89489.5 -3.2051e+06
89689.7 1391.65
89889.9 5.25309e+06
90090.1 1.24649e+07
90290.3 2.09677e+07
90490.5 2.92925e+07
90690.7 3.5018e+07
90890.9 3.47691e+07
91091.1 2.44746e+07
91291.3 1386.97
91491.5 -4.17311e+07
91691.7 -1.01106e+08
91891.9 -1.73691e+08
92092.1 -2.47892e+08
92292.3 -3.02852e+08
92492.5 -3.07417e+08
92692.7 -2.21315e+08
92892.9 1384.72
93093.1 3.95257e+08
93293.3 9.80655e+08
93493.5 1.72604e+09
93693.7 2.52511e+09
93893.9 3.16386e+09
94094.1 3.29548e+09
94294.3 2.43585e+09
94494.5 1382.94
94694.7 -4.59405e+09
94894.9 -1.17244e+10
95095.1 -2.12415e+10
95295.3 -3.20103e+10
95495.5 -4.13461e+10
95695.7 -4.4432e+10
95895.9 -3.39127e+10
96096.1 1375.68
96296.3 6.83903e+10
96496.5 1.80757e+11
96696.7 3.39526e+11
96896.9 5.31103e+11
97097.1 7.12979e+11
97297.3 7.97418e+11
97497.5 6.34367e+11
97697.7 1372.83
97897.9 -1.39666e+12
98098.1 -3.86763e+12
98298.4 -7.62736e+12
98498.6 -1.2555e+13
98698.8 -1.77801e+13
98899 -2.10361e+13
99099.2 -1.77576e+13
99299.4 1369.29
99499.6 4.45005e+13
99699.8 1.32318e+14
99900 2.81621e+14
100100 5.03267e+14
100300 7.79172e+14
100501 1.01621e+15
100701 9.55182e+14
100901 1364.6
101101 -3.09069e+15
101301 -1.07442e+16
101502 -2.74991e+16
101702 -6.15571e+16
101902 -1.2734e+17
102102 -2.49643e+17
102302 -4.70284e+17
