0 2091.94
193.612 1.31332e+18
387.224 1.39649e+18
580.837 1.07018e+18
774.449 6.90864e+17
968.061 3.86394e+17
1161.67 1.8145e+17
1355.29 6.09925e+16
1548.9 1702.13
1742.51 -2.43134e+16
1936.12 -2.87874e+16
2129.73 -2.43192e+16
2323.35 -1.71636e+16
2516.96 -1.04219e+16
2710.57 -5.28204e+15
2904.18 -1.90647e+15
3097.8 1451.65
3291.41 8.6507e+14
3485.02 1.08689e+15
3678.63 9.71326e+14
3872.24 7.23201e+14
4065.86 4.62112e+14
4259.47 2.45904e+14
4453.08 9.29956e+13
4646.69 703.53
4840.31 -4.60717e+13
5033.92 -6.03355e+13
5227.53 -5.61203e+13
5421.14 -4.34296e+13
5614.75 -2.88068e+13
5808.37 -1.58935e+13
6001.98 -6.22506e+12
6195.59 1392.46
6389.2 3.29799e+12
6582.82 4.46013e+12
6776.43 4.28037e+12
6970.04 3.41494e+12
7163.65 2.33343e+12
7357.26 1.32528e+12
7550.88 5.33977e+11
7744.49 2141.98
7938.1 -2.98796e+11
8131.71 -4.14914e+11
8325.33 -4.08632e+11
8518.94 -3.34383e+11
8712.55 -2.34231e+11
8906.16 -1.36312e+11
9099.77 -5.62501e+10
9293.39 1687.99
9487 3.29726e+10
9680.61 4.68333e+10
9874.22 4.71605e+10
10067.8 3.94433e+10
10261.4 2.82294e+10
10455.1 1.67791e+10
10648.7 7.06949e+09
10842.3 927.42
11035.9 -4.31584e+09
11229.5 -6.25307e+09
11423.1 -6.42121e+09
11616.7 -5.4751e+09
11810.3 -3.99376e+09
12004 -2.41879e+09
12197.6 -1.03815e+09
12391.2 550.948
12584.8 6.57214e+08
12778.4 9.69325e+08
12972 1.01305e+09
13165.6 8.78928e+08
13359.2 6.5223e+08
13552.9 4.01779e+08
13746.5 1.75362e+08
13940.1 1665.48
14133.7 -1.14736e+08
14327.3 -1.71994e+08
14520.9 -1.82662e+08
14714.5 -1.61016e+08
14908.1 -1.21379e+08
15101.8 -7.59426e+07
15295.4 -3.36597e+07
15489 2363.87
15682.6 2.27069e+07
15876.2 3.45509e+07
16069.8 3.72426e+07
16263.4 3.33162e+07
16457 2.54845e+07
16650.7 1.61781e+07
16844.3 7.27577e+06
17037.9 2550.25
17231.5 -5.04405e+06
17425.1 -7.78485e+06
17618.7 -8.50895e+06
17812.3 -7.71723e+06
18005.9 -5.9838e+06
18199.5 -3.84962e+06
18393.2 -1.75335e+06
18586.8 1984.44
18780.4 1.25286e+06
18974 1.95785e+06
19167.6 2.16794e+06
19361.2 1.99225e+06
19554.8 1.56552e+06
19748.4 1.02124e+06
19942.1 472738
20135.7 2489.48
20329.3 -341188
20522.9 -541643
20716.5 -607603
20910.1 -565031
21103.7 -448754
21297.3 -295108
21491 -136340
21684.6 2925.9
21878.2 107220
22071.8 170070
22265.4 192623
22459 181549
22652.6 146708
22846.2 98956.1
23039.9 48360.2
23233.5 2964.65
23427.1 -31857.3
23620.7 -53522.1
23814.3 -61938.2
24007.9 -58932.4
24201.5 -47544.9
24395.1 -31320.9
24588.8 -13696.6
24782.4 2460.27
24976 15125.3
25169.6 23215.3
25363.2 26533.6
25556.8 25605.2
25750.4 21448.6
25944 15328.1
26137.6 8525.72
26331.3 2158.44
26524.9 -2943.89
26718.5 -6295.92
26912.1 -7755.38
27105.7 -7474.9
27299.3 -5823.13
27492.9 -3291.89
27686.5 -404.502
27880.2 2362.53
28073.8 4636.62
28267.4 6181.41
28461 6904.57
28654.6 6844.66
28848.2 6142.7
29041.8 5004.86
29235.4 3662.97
29429.1 2338.43
29622.7 1213.66
29816.3 413.647
30009.9 -1.74213
30203.5 -35.439
30397.1 257.174
30590.7 783.985
30784.3 1434.31
30978 2096.72
31171.6 2674.29
31365.2 3095.6
31558.8 3320.81
31752.4 3342.63
31946 3182.88
32139.6 2885.75
32333.2 2508.98
32526.9 2114.51
32720.5 1759.73
32914.1 1490.56
33107.7 1336.73
33301.3 1309.84
33494.9 1403.86
33688.5 1597.84
33882.1 1860.16
34075.8 2153.58
34269.4 2440.43
34463 2687.26
34656.6 2868.39
34850.2 2968.19
35043.8 2981.85
35237.4 2914.82
35431 2781.02
35624.6 2600.41
35818.3 2395.96
36011.9 2190.81
36205.5 2005.61
36399.1 1856.55
36592.7 1754.09
36786.3 1702.61
36979.9 1700.63
37173.5 1741.87
37367.2 1816.54
37560.8 1912.96
37754.4 2019.15
37948 2124.19
38141.6 2219.27
38335.2 2298.34
38528.8 2358.27
38722.4 2398.68
38916.1 2421.4
39109.7 2429.74
39303.3 2427.7
39496.9 2419.16
39690.5 2407.29
39884.1 2394.1
40077.7 2380.27
40271.3 2365.22
40465 2347.34
40658.6 2324.49
40852.2 2294.4
41045.8 2255.24
41239.4 2206.01
41433 2146.82
41626.6 2079.04
41820.2 2005.23
42013.9 1928.95
42207.5 1854.39
42401.1 1785.96
42594.7 1727.81
42788.3 1683.48
42981.9 1655.46
43175.5 1645.05
43369.1 1652.22
43562.7 1675.7
43756.4 1713.1
43950 1761.24
44143.6 1816.45
44337.2 1874.92
44530.8 1933.04
44724.4 1987.65
44918 2036.26
45111.6 2077.08
45305.3 2109.11
45498.9 2132.01
45692.5 2145.95
45886.1 2151.52
46079.7 2149.5
46273.3 2140.76
46466.9 2126.16
46660.5 2106.49
46854.2 2082.5
47047.8 2054.95
47241.4 2024.68
47435 1992.69
47628.6 1960.19
47822.2 1928.62
48015.8 1899.6
48209.4 1874.84
48403.1 1855.99
48596.7 1844.4
48790.3 1840.96
48983.9 1845.88
49177.5 1858.52
49371.1 1877.37
49564.7 1900.01
49758.3 1923.32
49952 1943.66
50145.6 1957.22
50339.2 1960.46
50532.8 1950.46
50726.4 1925.39
50920 1884.75
51113.6 1829.65
51307.2 1762.83
51500.9 1688.5
51694.5 1612.13
51888.1 1539.96
52081.7 1478.42
52275.3 1433.59
52468.9 1410.5
52662.5 1412.64
52856.1 1441.53
53049.7 1496.49
53243.4 1574.62
53437 1671.05
53630.6 1779.36
53824.2 1892.18
54017.8 2001.94
54211.4 2101.62
54405 2185.46
54598.6 2249.59
54792.3 2292.39
54985.9 2314.61
55179.5 2319.28
55373.1 2311.29
55566.7 2296.75
55760.3 2282.23
55953.9 2273.88
56147.5 2276.66
56341.2 2293.6
56534.8 2325.39
56728.4 2370.19
56922 2423.86
57115.6 2480.36
57309.2 2532.56
57502.8 2573.2
57696.4 2595.86
57890.1 2595.94
58083.7 2571.45
58277.3 2523.47
58470.9 2456.21
58664.5 2376.7
58858.1 2294.02
59051.7 2218.22
59245.3 2158.98
59439 2124.28
59632.6 2119.13
59826.2 2144.6
60019.8 2197.33
60213.4 2269.6
60407 2350
60600.6 2424.65
60794.2 2478.9
60987.8 2499.27
61181.5 2475.46
61375.1 2402.03
61568.7 2279.67
61762.3 2115.65
61955.9 1923.48
62149.5 1721.57
62343.1 1531.15
62536.7 1373.53
62730.4 1267.08
62924 1224.3
63117.6 1249.46
63311.2 1337.13
63504.8 1472.02
63698.4 1630.26
63892 1782.07
64085.6 1895.76
64279.3 1942.39
64472.9 1900.79
64666.5 1761.98
64860.1 1532.33
65053.7 1234.91
65247.3 908.35
65440.9 603.141
65634.5 375.519
65828.2 279.451
66021.8 357.678
66215.4 633.016
66409 1101.32
66602.6 1727.46
66796.2 2445.52
66989.8 3163.83
67183.4 3775.08
67377.1 4170.63
67570.7 4257.83
67764.3 3977.89
67957.9 3321.79
68151.5 2341.24
68345.1 1151.91
68538.7 -73.0763
68732.3 -1120.37
68925.9 -1763.77
69119.6 -1799.48
69313.2 -1085.17
69506.8 422.659
69700.4 2639.61
69894 5339.13
70087.6 8158.88
70281.2 10631.5
70474.8 12240.4
70668.5 12496.7
70862.1 11030.9
71055.7 7685.65
71249.3 2596.06
71442.9 -3760.92
71636.5 -10562.8
71830.1 -16696.9
72023.7 -20881.2
72217.4 -21845.8
72411 -18562
72604.6 -10491.4
72798.2 2183.21
72991.8 18388.6
73185.4 36103.5
73379 52452.2
73572.6 63978.8
73766.3 67106.8
73959.9 58757.4
74153.5 37064.7
74347.1 2090.09
74540.7 -43593.7
74734.3 -94594.6
74927.9 -142813
75121.5 -178091
75315.2 -189450
75508.8 -166898
75702.4 -103642
75896 1536.87
76089.6 142156
76283.2 302622
76476.8 458051
76670.4 575808
76864.1 619068
77057.7 552485
77251.3 349651
77444.9 1586.87
77638.5 -474960
77832.1 -1.03111e+06
78025.7 -1.58331e+06
78219.3 -2.01658e+06
78412.9 -2.19539e+06
78606.6 -1.98283e+06
78800.2 -1.26786e+06
78993.8 1613.83
79187.4 1.78386e+06
79381 3.91309e+06
79574.6 6.08167e+06
79768.2 7.84389e+06
79961.8 8.64985e+06
80155.5 7.91554e+06
80349.1 5.13111e+06
80542.7 1737.38
80736.3 -7.39301e+06
80929.9 -1.64464e+07
81123.5 -2.5913e+07
81317.1 -3.38819e+07
81510.7 -3.788e+07
81704.4 -3.51458e+07
81898 -2.30989e+07
82091.6 1813.43
82285.2 3.42579e+07
82478.8 7.72939e+07
82672.4 1.23546e+08
82866 1.63903e+08
83059.6 1.8595e+08
83253.3 1.75103e+08
83446.9 1.16819e+08
83640.5 1986.46
83834.1 -1.78558e+08
84027.7 -4.09129e+08
84221.3 -6.64197e+08
84414.9 -8.95098e+08
84608.5 -1.03174e+09
84802.2 -9.87243e+08
84995.8 -6.69388e+08
85189.4 2475.18
85383 1.05746e+09
85576.6 2.46385e+09
85770.2 4.06828e+09
85963.8 5.57739e+09
86157.4 6.54132e+09
86351 6.37016e+09
86544.7 4.39674e+09
86738.3 2911.47
86931.9 -7.20221e+09
87125.5 -1.70943e+10
87319.1 -2.87599e+10
87512.7 -4.0185e+10
87706.3 -4.80476e+10
87899.9 -4.77145e+10
88093.6 -3.35931e+10
88287.2 2337.81
88480.8 5.73086e+10
88674.4 1.38877e+11
88868 2.38637e+11
89061.6 3.40672e+11
89255.2 4.16316e+11
89448.8 4.22713e+11
89642.5 3.0441e+11
89836.1 2239
90029.7 -5.43998e+11
90223.3 -1.35014e+12
90416.9 -2.37716e+12
90610.5 -3.47889e+12
90804.1 -4.36047e+12
90997.7 -4.54353e+12
91191.4 -3.3596e+12
91385 2165.31
91578.6 6.34113e+12
91772.2 1.61895e+13
91965.8 2.93428e+13
92159.4 4.42367e+13
92353 5.7162e+13
92546.6 6.14542e+13
92740.3 4.69248e+13
92933.9 2440.19
93127.5 -9.47132e+13
93321.1 -2.50439e+14
93514.7 -4.70624e+14
93708.3 -7.36503e+14
93901.9 -9.89166e+14
94095.5 -1.10682e+15
94289.2 -8.80911e+14
94482.8 2900.27
94676.4 1.94127e+15
94870 5.37831e+15
95063.6 1.06116e+16
95257.2 1.74755e+16
95450.8 2.47602e+16
95644.4 2.93087e+16
95838 2.47529e+16
96031.7 2749.76
96225.3 -6.20912e+16
96418.9 -1.84713e+17
96612.5 -3.9333e+17
96806.1 -7.03242e+17
96999.7 -1.08932e+18
97193.3 -1.42142e+18
97386.9 -1.33672e+18
97580.6 2823.57
97774.2 4.32957e+18
97967.8 1.50585e+19
98161.4 3.85608e+19
98355 8.63622e+19
98548.6 1.78744e+20
98742.2 3.50594e+20
98935.8 6.60792e+20
